2.965000000000000213e+01
2.775000000000000355e+00
4.355000000000000426e+01
2.775000000000000355e+00
4.355000000000000426e+01
2.775000000000000355e+00
4.355000000000000426e+01
2.775000000000000355e+00
4.355000000000000426e+01
2.775000000000000355e+00
4.355000000000000426e+01
2.775000000000000355e+00
4.355000000000000426e+01
2.775000000000000355e+00
4.355000000000000426e+01
2.775000000000000355e+00
4.355000000000000426e+01
2.775000000000000355e+00
4.355000000000000426e+01
2.775000000000000355e+00
4.355000000000000426e+01
2.775000000000000355e+00
4.355000000000000426e+01
2.775000000000000355e+00
4.355000000000000426e+01
2.775000000000000355e+00
4.355000000000000426e+01
2.775000000000000355e+00
4.355000000000000426e+01
2.775000000000000355e+00
4.355000000000000426e+01
2.775000000000000355e+00
4.355000000000000426e+01
2.775000000000000355e+00
4.355000000000000426e+01
2.775000000000000355e+00
4.355000000000000426e+01
2.775000000000000355e+00
4.355000000000000426e+01
2.775000000000000355e+00
4.355000000000000426e+01
2.775000000000000355e+00
4.355000000000000426e+01
2.775000000000000355e+00
4.355000000000000426e+01
2.775000000000000355e+00
4.355000000000000426e+01
2.775000000000000355e+00
4.355000000000000426e+01
2.775000000000000355e+00
4.355000000000000426e+01
2.775000000000000355e+00
4.355000000000000426e+01
2.775000000000000355e+00
4.355000000000000426e+01
2.775000000000000355e+00
4.355000000000000426e+01
2.775000000000000355e+00
4.355000000000000426e+01
2.775000000000000355e+00
4.355000000000000426e+01
2.775000000000000355e+00
4.355000000000000426e+01
2.775000000000000355e+00
4.355000000000000426e+01
2.775000000000000355e+00
4.355000000000000426e+01
2.775000000000000355e+00
4.355000000000000426e+01
2.775000000000000355e+00
4.355000000000000426e+01
2.775000000000000355e+00
4.355000000000000426e+01
2.775000000000000355e+00
4.355000000000000426e+01
2.775000000000000355e+00
4.355000000000000426e+01
2.775000000000000355e+00
4.355000000000000426e+01
2.775000000000000355e+00
4.355000000000000426e+01
2.775000000000000355e+00
4.355000000000000426e+01
2.775000000000000355e+00
4.355000000000000426e+01
2.775000000000000355e+00
4.355000000000000426e+01
2.775000000000000355e+00
4.355000000000000426e+01
2.775000000000000355e+00
4.355000000000000426e+01
2.775000000000000355e+00
4.355000000000000426e+01
2.775000000000000355e+00
4.355000000000000426e+01
2.775000000000000355e+00
4.355000000000000426e+01
2.775000000000000355e+00
4.355000000000000426e+01
2.775000000000000355e+00
4.355000000000000426e+01
2.775000000000000355e+00
4.355000000000000426e+01
2.775000000000000355e+00
4.355000000000000426e+01
2.775000000000000355e+00
4.355000000000000426e+01
2.775000000000000355e+00
4.355000000000000426e+01
2.775000000000000355e+00
4.355000000000000426e+01
2.775000000000000355e+00
4.355000000000000426e+01
2.775000000000000355e+00
4.355000000000000426e+01
2.775000000000000355e+00
4.355000000000000426e+01
2.775000000000000355e+00
4.355000000000000426e+01
2.775000000000000355e+00
4.355000000000000426e+01
2.775000000000000355e+00
4.355000000000000426e+01
2.775000000000000355e+00
4.355000000000000426e+01
2.775000000000000355e+00
4.355000000000000426e+01
2.775000000000000355e+00
4.355000000000000426e+01
2.775000000000000355e+00
4.355000000000000426e+01
2.775000000000000355e+00
4.355000000000000426e+01
2.775000000000000355e+00
4.355000000000000426e+01
2.775000000000000355e+00
4.355000000000000426e+01
2.775000000000000355e+00
4.262500000000000000e+01
3.700000000000000178e+00
4.262500000000000000e+01
3.700000000000000178e+00
4.262500000000000000e+01
3.700000000000000178e+00
4.262500000000000000e+01
3.700000000000000178e+00
4.262500000000000000e+01
3.700000000000000178e+00
4.262500000000000000e+01
3.700000000000000178e+00
4.262500000000000000e+01
4.625000000000000000e+00
4.170000000000000284e+01
4.625000000000000000e+00
4.170000000000000284e+01
4.625000000000000000e+00
4.170000000000000284e+01
4.625000000000000000e+00
4.170000000000000284e+01
4.625000000000000000e+00
4.170000000000000284e+01
4.625000000000000000e+00
4.170000000000000284e+01
4.625000000000000000e+00
4.170000000000000284e+01
4.625000000000000000e+00
4.170000000000000284e+01
4.625000000000000000e+00
4.170000000000000284e+01
4.625000000000000000e+00
4.170000000000000284e+01
4.625000000000000000e+00
4.170000000000000284e+01
4.625000000000000000e+00
4.170000000000000284e+01
4.625000000000000000e+00
4.170000000000000284e+01
4.625000000000000000e+00
4.170000000000000284e+01
4.625000000000000000e+00
4.170000000000000284e+01
4.625000000000000000e+00
4.170000000000000284e+01
4.625000000000000000e+00
4.170000000000000284e+01
4.625000000000000000e+00
4.170000000000000284e+01
4.625000000000000000e+00
4.170000000000000284e+01
4.625000000000000000e+00
4.170000000000000284e+01
4.625000000000000000e+00
4.170000000000000284e+01
4.625000000000000000e+00
4.170000000000000284e+01
4.625000000000000000e+00
4.170000000000000284e+01
4.625000000000000000e+00
4.170000000000000284e+01
4.625000000000000000e+00
4.170000000000000284e+01
4.625000000000000000e+00
4.170000000000000284e+01
4.625000000000000000e+00
4.170000000000000284e+01
4.625000000000000000e+00
4.170000000000000284e+01
4.625000000000000000e+00
4.077500000000000568e+01
5.550000000000000711e+00
4.077500000000000568e+01
5.550000000000000711e+00
4.077500000000000568e+01
5.550000000000000711e+00
4.077500000000000568e+01
5.550000000000000711e+00
4.077500000000000568e+01
6.500000000000000000e+00
3.985000000000000142e+01
6.500000000000000000e+00
3.985000000000000142e+01
6.500000000000000000e+00
3.985000000000000142e+01
6.500000000000000000e+00
3.985000000000000142e+01
6.500000000000000000e+00
3.985000000000000142e+01
6.500000000000000000e+00
3.985000000000000142e+01
6.500000000000000000e+00
3.985000000000000142e+01
6.500000000000000000e+00
3.985000000000000142e+01
6.500000000000000000e+00
3.985000000000000142e+01
6.500000000000000000e+00
3.985000000000000142e+01
6.500000000000000000e+00
3.985000000000000142e+01
6.500000000000000000e+00
3.985000000000000142e+01
6.500000000000000000e+00
3.985000000000000142e+01
6.500000000000000000e+00
3.985000000000000142e+01
6.500000000000000000e+00
3.985000000000000142e+01
6.500000000000000000e+00
3.985000000000000142e+01
6.500000000000000000e+00
3.985000000000000142e+01
6.500000000000000000e+00
3.985000000000000142e+01
6.500000000000000000e+00
3.985000000000000142e+01
6.500000000000000000e+00
3.985000000000000142e+01
6.500000000000000000e+00
3.985000000000000142e+01
6.500000000000000000e+00
3.985000000000000142e+01
6.500000000000000000e+00
3.985000000000000142e+01
6.500000000000000000e+00
3.892500000000000426e+01
7.425000000000000711e+00
3.892500000000000426e+01
7.425000000000000711e+00
3.892500000000000426e+01
7.425000000000000711e+00
3.892500000000000426e+01
8.349999999999999645e+00
3.800000000000000000e+01
8.349999999999999645e+00
3.800000000000000000e+01
8.349999999999999645e+00
3.800000000000000000e+01
8.349999999999999645e+00
3.800000000000000000e+01
8.349999999999999645e+00
3.800000000000000000e+01
8.349999999999999645e+00
3.800000000000000000e+01
8.349999999999999645e+00
3.800000000000000000e+01
8.349999999999999645e+00
3.800000000000000000e+01
8.349999999999999645e+00
3.800000000000000000e+01
8.349999999999999645e+00
3.800000000000000000e+01
8.349999999999999645e+00
3.800000000000000000e+01
8.349999999999999645e+00
3.800000000000000000e+01
8.349999999999999645e+00
3.800000000000000000e+01
8.349999999999999645e+00
3.800000000000000000e+01
8.349999999999999645e+00
3.800000000000000000e+01
8.349999999999999645e+00
3.800000000000000000e+01
8.349999999999999645e+00
3.800000000000000000e+01
8.349999999999999645e+00
3.800000000000000000e+01
8.349999999999999645e+00
3.800000000000000000e+01
8.349999999999999645e+00
3.800000000000000000e+01
8.349999999999999645e+00
3.707500000000000284e+01
9.275000000000000355e+00
3.707500000000000284e+01
9.275000000000000355e+00
3.707500000000000284e+01
9.275000000000000355e+00
3.707500000000000284e+01
1.020000000000000107e+01
3.614999999999999858e+01
1.020000000000000107e+01
3.614999999999999858e+01
1.020000000000000107e+01
3.614999999999999858e+01
1.020000000000000107e+01
3.614999999999999858e+01
1.020000000000000107e+01
3.614999999999999858e+01
1.020000000000000107e+01
3.614999999999999858e+01
1.020000000000000107e+01
3.614999999999999858e+01
1.020000000000000107e+01
3.614999999999999858e+01
1.020000000000000107e+01
3.614999999999999858e+01
1.020000000000000107e+01
3.614999999999999858e+01
1.020000000000000107e+01
3.614999999999999858e+01
1.020000000000000107e+01
3.614999999999999858e+01
1.020000000000000107e+01
3.614999999999999858e+01
1.020000000000000107e+01
3.614999999999999858e+01
1.020000000000000107e+01
3.614999999999999858e+01
1.020000000000000107e+01
3.614999999999999858e+01
1.020000000000000107e+01
3.614999999999999858e+01
1.020000000000000107e+01
3.522500000000000142e+01
1.112500000000000000e+01
3.522500000000000142e+01
1.112500000000000000e+01
3.522500000000000142e+01
1.112500000000000000e+01
3.522500000000000142e+01
1.205000000000000071e+01
3.430000000000000426e+01
1.205000000000000071e+01
3.430000000000000426e+01
1.205000000000000071e+01
3.430000000000000426e+01
1.205000000000000071e+01
3.430000000000000426e+01
1.205000000000000071e+01
3.430000000000000426e+01
1.205000000000000071e+01
3.430000000000000426e+01
1.205000000000000071e+01
3.430000000000000426e+01
1.205000000000000071e+01
3.430000000000000426e+01
1.205000000000000071e+01
3.430000000000000426e+01
1.205000000000000071e+01
3.430000000000000426e+01
1.205000000000000071e+01
3.430000000000000426e+01
1.205000000000000071e+01
3.430000000000000426e+01
1.205000000000000071e+01
3.430000000000000426e+01
1.205000000000000071e+01
3.430000000000000426e+01
1.205000000000000071e+01
3.430000000000000426e+01
1.205000000000000071e+01
3.430000000000000426e+01
1.205000000000000071e+01
3.337500000000000000e+01
1.297500000000000142e+01
3.337500000000000000e+01
1.297500000000000142e+01
3.337500000000000000e+01
1.297500000000000142e+01
3.337500000000000000e+01
1.390000000000000036e+01
3.245000000000000284e+01
1.390000000000000036e+01
3.245000000000000284e+01
1.390000000000000036e+01
3.245000000000000284e+01
1.390000000000000036e+01
3.245000000000000284e+01
1.390000000000000036e+01
3.245000000000000284e+01
1.390000000000000036e+01
3.245000000000000284e+01
1.390000000000000036e+01
3.245000000000000284e+01
1.390000000000000036e+01
3.245000000000000284e+01
1.390000000000000036e+01
3.245000000000000284e+01
1.390000000000000036e+01
3.245000000000000284e+01
1.390000000000000036e+01
3.245000000000000284e+01
1.390000000000000036e+01
3.245000000000000284e+01
1.390000000000000036e+01
3.245000000000000284e+01
1.390000000000000036e+01
3.245000000000000284e+01
1.390000000000000036e+01
3.245000000000000284e+01
1.390000000000000036e+01
3.150000000000000000e+01
1.482500000000000107e+01
3.150000000000000000e+01
1.482500000000000107e+01
3.150000000000000000e+01
1.482500000000000107e+01
3.150000000000000000e+01
1.575000000000000000e+01
3.057500000000000639e+01
1.575000000000000000e+01
3.057500000000000639e+01
1.575000000000000000e+01
3.057500000000000639e+01
1.575000000000000000e+01
3.057500000000000639e+01
1.575000000000000000e+01
3.057500000000000639e+01
1.575000000000000000e+01
3.057500000000000639e+01
1.575000000000000000e+01
3.057500000000000639e+01
1.575000000000000000e+01
3.057500000000000639e+01
1.575000000000000000e+01
3.057500000000000639e+01
1.575000000000000000e+01
3.057500000000000639e+01
1.575000000000000000e+01
3.057500000000000639e+01
1.575000000000000000e+01
3.057500000000000639e+01
1.575000000000000000e+01
3.057500000000000639e+01
1.575000000000000000e+01
3.057500000000000639e+01
1.575000000000000000e+01
2.965000000000000213e+01
1.667500000000000071e+01
2.965000000000000213e+01
1.667500000000000071e+01
2.965000000000000213e+01
1.760000000000000142e+01
2.872500000000000142e+01
1.760000000000000142e+01
2.872500000000000142e+01
1.760000000000000142e+01
2.872500000000000142e+01
1.760000000000000142e+01
2.872500000000000142e+01
1.760000000000000142e+01
2.872500000000000142e+01
1.760000000000000142e+01
2.872500000000000142e+01
1.760000000000000142e+01
2.872500000000000142e+01
1.760000000000000142e+01
2.872500000000000142e+01
1.760000000000000142e+01
2.872500000000000142e+01
1.760000000000000142e+01
2.872500000000000142e+01
1.760000000000000142e+01
2.872500000000000142e+01
1.760000000000000142e+01
2.872500000000000142e+01
1.760000000000000142e+01
2.872500000000000142e+01
1.760000000000000142e+01
2.872500000000000142e+01
1.760000000000000142e+01
2.872500000000000142e+01
1.760000000000000142e+01
2.780000000000000071e+01
1.852500000000000213e+01
2.780000000000000071e+01
1.852500000000000213e+01
2.780000000000000071e+01
1.947500000000000142e+01
2.687500000000000000e+01
1.947500000000000142e+01
2.687500000000000000e+01
1.947500000000000142e+01
2.687500000000000000e+01
1.947500000000000142e+01
2.687500000000000000e+01
1.947500000000000142e+01
2.687500000000000000e+01
1.947500000000000142e+01
2.687500000000000000e+01
1.947500000000000142e+01
2.687500000000000000e+01
1.947500000000000142e+01
2.687500000000000000e+01
1.947500000000000142e+01
2.687500000000000000e+01
1.947500000000000142e+01
2.687500000000000000e+01
1.947500000000000142e+01
2.687500000000000000e+01
1.947500000000000142e+01
2.687500000000000000e+01
1.947500000000000142e+01
2.687500000000000000e+01
1.947500000000000142e+01
2.687500000000000000e+01
1.947500000000000142e+01
2.595000000000000284e+01
2.040000000000000213e+01
2.595000000000000284e+01
2.040000000000000213e+01
2.595000000000000284e+01
2.132500000000000284e+01
2.502500000000000213e+01
2.132500000000000284e+01
2.502500000000000213e+01
2.132500000000000284e+01
2.502500000000000213e+01
2.132500000000000284e+01
2.502500000000000213e+01
2.132500000000000284e+01
2.502500000000000213e+01
2.132500000000000284e+01
2.502500000000000213e+01
2.132500000000000284e+01
2.502500000000000213e+01
2.132500000000000284e+01
2.502500000000000213e+01
2.132500000000000284e+01
2.502500000000000213e+01
2.132500000000000284e+01
2.502500000000000213e+01
2.132500000000000284e+01
2.502500000000000213e+01
2.132500000000000284e+01
2.502500000000000213e+01
2.132500000000000284e+01
2.502500000000000213e+01
2.132500000000000284e+01
2.502500000000000213e+01
2.132500000000000284e+01
2.410000000000000142e+01
2.225000000000000000e+01
2.410000000000000142e+01
2.225000000000000000e+01
2.410000000000000142e+01
2.317500000000000071e+01
2.317500000000000071e+01
2.317500000000000071e+01
2.317500000000000071e+01
2.317500000000000071e+01
2.317500000000000071e+01
2.317500000000000071e+01
2.317500000000000071e+01
2.317500000000000071e+01
2.317500000000000071e+01
2.317500000000000071e+01
2.317500000000000071e+01
2.317500000000000071e+01
2.317500000000000071e+01
2.317500000000000071e+01
2.317500000000000071e+01
2.317500000000000071e+01
2.317500000000000071e+01
2.317500000000000071e+01
2.317500000000000071e+01
2.317500000000000071e+01
2.317500000000000071e+01
2.317500000000000071e+01
2.317500000000000071e+01
2.317500000000000071e+01
2.317500000000000071e+01
2.317500000000000071e+01
2.317500000000000071e+01
2.317500000000000071e+01
2.225000000000000000e+01
2.410000000000000142e+01
2.225000000000000000e+01
2.410000000000000142e+01
2.225000000000000000e+01
2.502500000000000213e+01
2.132500000000000284e+01
2.502500000000000213e+01
2.132500000000000284e+01
2.502500000000000213e+01
2.132500000000000284e+01
2.502500000000000213e+01
2.132500000000000284e+01
2.502500000000000213e+01
2.132500000000000284e+01
2.502500000000000213e+01
2.132500000000000284e+01
2.502500000000000213e+01
2.132500000000000284e+01
2.502500000000000213e+01
2.132500000000000284e+01
2.502500000000000213e+01
2.132500000000000284e+01
2.502500000000000213e+01
2.132500000000000284e+01
2.502500000000000213e+01
2.132500000000000284e+01
2.502500000000000213e+01
2.132500000000000284e+01
2.502500000000000213e+01
2.132500000000000284e+01
2.502500000000000213e+01
2.132500000000000284e+01
2.502500000000000213e+01
2.040000000000000213e+01
2.595000000000000284e+01
2.040000000000000213e+01
2.687500000000000000e+01
1.947500000000000142e+01
2.687500000000000000e+01
1.947500000000000142e+01
2.687500000000000000e+01
1.947500000000000142e+01
2.687500000000000000e+01
1.947500000000000142e+01
2.687500000000000000e+01
1.947500000000000142e+01
2.687500000000000000e+01
1.947500000000000142e+01
2.687500000000000000e+01
1.947500000000000142e+01
2.687500000000000000e+01
1.947500000000000142e+01
2.687500000000000000e+01
1.947500000000000142e+01
2.687500000000000000e+01
1.947500000000000142e+01
2.687500000000000000e+01
1.947500000000000142e+01
2.687500000000000000e+01
1.947500000000000142e+01
2.687500000000000000e+01
1.947500000000000142e+01
2.687500000000000000e+01
1.947500000000000142e+01
2.687500000000000000e+01
1.947500000000000142e+01
2.687500000000000000e+01
1.852500000000000213e+01
2.780000000000000071e+01
1.852500000000000213e+01
2.780000000000000071e+01
1.852500000000000213e+01
2.872500000000000142e+01
1.760000000000000142e+01
2.872500000000000142e+01
1.760000000000000142e+01
2.872500000000000142e+01
1.760000000000000142e+01
2.872500000000000142e+01
1.760000000000000142e+01
2.872500000000000142e+01
1.760000000000000142e+01
2.872500000000000142e+01
1.760000000000000142e+01
2.872500000000000142e+01
1.760000000000000142e+01
2.872500000000000142e+01
1.760000000000000142e+01
2.872500000000000142e+01
1.760000000000000142e+01
2.872500000000000142e+01
1.760000000000000142e+01
2.872500000000000142e+01
1.760000000000000142e+01
2.872500000000000142e+01
1.760000000000000142e+01
2.872500000000000142e+01
1.760000000000000142e+01
2.872500000000000142e+01
1.760000000000000142e+01
2.872500000000000142e+01
1.667500000000000071e+01
2.965000000000000213e+01
1.667500000000000071e+01
2.965000000000000213e+01
1.667500000000000071e+01
3.057500000000000639e+01
1.575000000000000000e+01
3.057500000000000639e+01
1.575000000000000000e+01
3.057500000000000639e+01
1.575000000000000000e+01
3.057500000000000639e+01
1.575000000000000000e+01
3.057500000000000639e+01
1.575000000000000000e+01
3.057500000000000639e+01
1.575000000000000000e+01
3.057500000000000639e+01
1.575000000000000000e+01
3.057500000000000639e+01
1.575000000000000000e+01
3.057500000000000639e+01
1.575000000000000000e+01
3.057500000000000639e+01
1.575000000000000000e+01
3.057500000000000639e+01
1.575000000000000000e+01
3.057500000000000639e+01
1.575000000000000000e+01
3.057500000000000639e+01
1.575000000000000000e+01
3.057500000000000639e+01
1.575000000000000000e+01
3.057500000000000639e+01
1.575000000000000000e+01
3.057500000000000639e+01
1.482500000000000107e+01
3.150000000000000000e+01
1.482500000000000107e+01
3.150000000000000000e+01
1.482500000000000107e+01
3.245000000000000284e+01
1.390000000000000036e+01
3.245000000000000284e+01
1.390000000000000036e+01
3.245000000000000284e+01
1.390000000000000036e+01
3.245000000000000284e+01
1.390000000000000036e+01
3.245000000000000284e+01
1.390000000000000036e+01
3.245000000000000284e+01
1.390000000000000036e+01
3.245000000000000284e+01
1.390000000000000036e+01
3.245000000000000284e+01
1.390000000000000036e+01
3.245000000000000284e+01
1.390000000000000036e+01
3.245000000000000284e+01
1.390000000000000036e+01
3.245000000000000284e+01
1.390000000000000036e+01
3.245000000000000284e+01
1.390000000000000036e+01
3.245000000000000284e+01
1.390000000000000036e+01
3.245000000000000284e+01
1.390000000000000036e+01
3.245000000000000284e+01
1.390000000000000036e+01
3.245000000000000284e+01
1.390000000000000036e+01
3.245000000000000284e+01
1.297500000000000142e+01
3.337500000000000000e+01
1.297500000000000142e+01
3.337500000000000000e+01
1.297500000000000142e+01
3.430000000000000426e+01
1.205000000000000071e+01
3.430000000000000426e+01
1.205000000000000071e+01
3.430000000000000426e+01
1.205000000000000071e+01
3.430000000000000426e+01
1.205000000000000071e+01
3.430000000000000426e+01
1.205000000000000071e+01
3.430000000000000426e+01
1.205000000000000071e+01
3.430000000000000426e+01
1.205000000000000071e+01
3.430000000000000426e+01
1.205000000000000071e+01
3.430000000000000426e+01
1.205000000000000071e+01
3.430000000000000426e+01
1.205000000000000071e+01
3.430000000000000426e+01
1.205000000000000071e+01
3.430000000000000426e+01
1.205000000000000071e+01
3.430000000000000426e+01
1.205000000000000071e+01
3.430000000000000426e+01
1.205000000000000071e+01
3.430000000000000426e+01
1.205000000000000071e+01
3.430000000000000426e+01
1.205000000000000071e+01
3.430000000000000426e+01
1.205000000000000071e+01
3.430000000000000426e+01
1.112500000000000000e+01
3.522500000000000142e+01
1.112500000000000000e+01
3.522500000000000142e+01
1.112500000000000000e+01
3.614999999999999858e+01
1.020000000000000107e+01
3.614999999999999858e+01
1.020000000000000107e+01
3.614999999999999858e+01
1.020000000000000107e+01
3.614999999999999858e+01
1.020000000000000107e+01
3.614999999999999858e+01
1.020000000000000107e+01
3.614999999999999858e+01
1.020000000000000107e+01
3.614999999999999858e+01
1.020000000000000107e+01
3.614999999999999858e+01
1.020000000000000107e+01
3.614999999999999858e+01
1.020000000000000107e+01
3.614999999999999858e+01
1.020000000000000107e+01
3.614999999999999858e+01
1.020000000000000107e+01
3.614999999999999858e+01
1.020000000000000107e+01
3.614999999999999858e+01
1.020000000000000107e+01
3.614999999999999858e+01
1.020000000000000107e+01
3.614999999999999858e+01
1.020000000000000107e+01
3.614999999999999858e+01
1.020000000000000107e+01
3.614999999999999858e+01
1.020000000000000107e+01
3.614999999999999858e+01
1.020000000000000107e+01
3.614999999999999858e+01
9.275000000000000355e+00
3.707500000000000284e+01
9.275000000000000355e+00
3.707500000000000284e+01
9.275000000000000355e+00
3.800000000000000000e+01
8.349999999999999645e+00
3.800000000000000000e+01
8.349999999999999645e+00
3.800000000000000000e+01
8.349999999999999645e+00
3.800000000000000000e+01
8.349999999999999645e+00
3.800000000000000000e+01
8.349999999999999645e+00
3.800000000000000000e+01
8.349999999999999645e+00
3.800000000000000000e+01
8.349999999999999645e+00
3.800000000000000000e+01
8.349999999999999645e+00
3.800000000000000000e+01
8.349999999999999645e+00
3.800000000000000000e+01
8.349999999999999645e+00
3.800000000000000000e+01
8.349999999999999645e+00
3.800000000000000000e+01
8.349999999999999645e+00
3.800000000000000000e+01
8.349999999999999645e+00
3.800000000000000000e+01
8.349999999999999645e+00
3.800000000000000000e+01
8.349999999999999645e+00
3.800000000000000000e+01
8.349999999999999645e+00
3.800000000000000000e+01
8.349999999999999645e+00
3.800000000000000000e+01
8.349999999999999645e+00
3.800000000000000000e+01
8.349999999999999645e+00
3.800000000000000000e+01
8.349999999999999645e+00
3.800000000000000000e+01
8.349999999999999645e+00
3.800000000000000000e+01
7.425000000000000711e+00
3.892500000000000426e+01
7.425000000000000711e+00
3.892500000000000426e+01
7.425000000000000711e+00
3.985000000000000142e+01
6.500000000000000000e+00
3.985000000000000142e+01
6.500000000000000000e+00
3.985000000000000142e+01
6.500000000000000000e+00
3.985000000000000142e+01
6.500000000000000000e+00
3.985000000000000142e+01
6.500000000000000000e+00
3.985000000000000142e+01
6.500000000000000000e+00
3.985000000000000142e+01
6.500000000000000000e+00
3.985000000000000142e+01
6.500000000000000000e+00
3.985000000000000142e+01
6.500000000000000000e+00
3.985000000000000142e+01
6.500000000000000000e+00
3.985000000000000142e+01
6.500000000000000000e+00
3.985000000000000142e+01
6.500000000000000000e+00
3.985000000000000142e+01
6.500000000000000000e+00
3.985000000000000142e+01
6.500000000000000000e+00
3.985000000000000142e+01
6.500000000000000000e+00
3.985000000000000142e+01
6.500000000000000000e+00
3.985000000000000142e+01
6.500000000000000000e+00
3.985000000000000142e+01
6.500000000000000000e+00
3.985000000000000142e+01
6.500000000000000000e+00
3.985000000000000142e+01
6.500000000000000000e+00
3.985000000000000142e+01
6.500000000000000000e+00
3.985000000000000142e+01
6.500000000000000000e+00
3.985000000000000142e+01
6.500000000000000000e+00
3.985000000000000142e+01
6.500000000000000000e+00
3.985000000000000142e+01
5.550000000000000711e+00
4.077500000000000568e+01
5.550000000000000711e+00
4.077500000000000568e+01
5.550000000000000711e+00
4.077500000000000568e+01
5.550000000000000711e+00
4.170000000000000284e+01
4.625000000000000000e+00
4.170000000000000284e+01
4.625000000000000000e+00
4.170000000000000284e+01
4.625000000000000000e+00
4.170000000000000284e+01
4.625000000000000000e+00
4.170000000000000284e+01
4.625000000000000000e+00
4.170000000000000284e+01
4.625000000000000000e+00
4.170000000000000284e+01
4.625000000000000000e+00
4.170000000000000284e+01
4.625000000000000000e+00
4.170000000000000284e+01
4.625000000000000000e+00
4.170000000000000284e+01
4.625000000000000000e+00
4.170000000000000284e+01
4.625000000000000000e+00
4.170000000000000284e+01
4.625000000000000000e+00
4.170000000000000284e+01
4.625000000000000000e+00
4.170000000000000284e+01
4.625000000000000000e+00
4.170000000000000284e+01
4.625000000000000000e+00
4.170000000000000284e+01
4.625000000000000000e+00
4.170000000000000284e+01
4.625000000000000000e+00
4.170000000000000284e+01
4.625000000000000000e+00
4.170000000000000284e+01
4.625000000000000000e+00
4.170000000000000284e+01
4.625000000000000000e+00
4.170000000000000284e+01
4.625000000000000000e+00
4.170000000000000284e+01
4.625000000000000000e+00
4.170000000000000284e+01
4.625000000000000000e+00
4.170000000000000284e+01
4.625000000000000000e+00
4.170000000000000284e+01
4.625000000000000000e+00
4.170000000000000284e+01
4.625000000000000000e+00
4.170000000000000284e+01
4.625000000000000000e+00
4.170000000000000284e+01
4.625000000000000000e+00
4.170000000000000284e+01
4.625000000000000000e+00
4.170000000000000284e+01
3.700000000000000178e+00
4.262500000000000000e+01
3.700000000000000178e+00
4.262500000000000000e+01
3.700000000000000178e+00
4.262500000000000000e+01
3.700000000000000178e+00
4.262500000000000000e+01
3.700000000000000178e+00
4.262500000000000000e+01
3.700000000000000178e+00
4.355000000000000426e+01
2.775000000000000355e+00
4.355000000000000426e+01
2.775000000000000355e+00
4.355000000000000426e+01
2.775000000000000355e+00
4.355000000000000426e+01
2.775000000000000355e+00
4.355000000000000426e+01
2.775000000000000355e+00
4.355000000000000426e+01
2.775000000000000355e+00
4.355000000000000426e+01
2.775000000000000355e+00
4.355000000000000426e+01
2.775000000000000355e+00
4.355000000000000426e+01
2.775000000000000355e+00
4.355000000000000426e+01
2.775000000000000355e+00
4.355000000000000426e+01
2.775000000000000355e+00
4.355000000000000426e+01
2.775000000000000355e+00
4.355000000000000426e+01
2.775000000000000355e+00
4.355000000000000426e+01
2.775000000000000355e+00
4.355000000000000426e+01
2.775000000000000355e+00
4.355000000000000426e+01
2.775000000000000355e+00
4.355000000000000426e+01
2.775000000000000355e+00
4.355000000000000426e+01
2.775000000000000355e+00
4.355000000000000426e+01
2.775000000000000355e+00
4.355000000000000426e+01
2.775000000000000355e+00
4.355000000000000426e+01
2.775000000000000355e+00
4.355000000000000426e+01
2.775000000000000355e+00
4.355000000000000426e+01
2.775000000000000355e+00
4.355000000000000426e+01
2.775000000000000355e+00
4.355000000000000426e+01
2.775000000000000355e+00
4.355000000000000426e+01
2.775000000000000355e+00
4.355000000000000426e+01
2.775000000000000355e+00
4.355000000000000426e+01
2.775000000000000355e+00
4.355000000000000426e+01
2.775000000000000355e+00
4.355000000000000426e+01
2.775000000000000355e+00
4.355000000000000426e+01
2.775000000000000355e+00
4.355000000000000426e+01
2.775000000000000355e+00
4.355000000000000426e+01
2.775000000000000355e+00
4.355000000000000426e+01
2.775000000000000355e+00
4.355000000000000426e+01
2.775000000000000355e+00
4.355000000000000426e+01
2.775000000000000355e+00
4.355000000000000426e+01
2.775000000000000355e+00
4.355000000000000426e+01
2.775000000000000355e+00
4.355000000000000426e+01
2.775000000000000355e+00
4.355000000000000426e+01
2.775000000000000355e+00
4.355000000000000426e+01
2.775000000000000355e+00
4.355000000000000426e+01
2.775000000000000355e+00
4.355000000000000426e+01
2.775000000000000355e+00
4.355000000000000426e+01
2.775000000000000355e+00
4.355000000000000426e+01
2.775000000000000355e+00
4.355000000000000426e+01
2.775000000000000355e+00
4.355000000000000426e+01
2.775000000000000355e+00
4.355000000000000426e+01
2.775000000000000355e+00
4.355000000000000426e+01
2.775000000000000355e+00
4.355000000000000426e+01
2.775000000000000355e+00
4.355000000000000426e+01
2.775000000000000355e+00
4.355000000000000426e+01
2.775000000000000355e+00
4.355000000000000426e+01
2.775000000000000355e+00
4.355000000000000426e+01
2.775000000000000355e+00
4.355000000000000426e+01
2.775000000000000355e+00
4.355000000000000426e+01
2.775000000000000355e+00
4.355000000000000426e+01
2.775000000000000355e+00
4.355000000000000426e+01
2.775000000000000355e+00
4.355000000000000426e+01
2.775000000000000355e+00
4.355000000000000426e+01
2.775000000000000355e+00
4.355000000000000426e+01
2.775000000000000355e+00
4.355000000000000426e+01
2.775000000000000355e+00
4.355000000000000426e+01
2.775000000000000355e+00
4.355000000000000426e+01
2.775000000000000355e+00
4.355000000000000426e+01
2.775000000000000355e+00
4.355000000000000426e+01
2.775000000000000355e+00
4.355000000000000426e+01
2.775000000000000355e+00
4.355000000000000426e+01
2.775000000000000355e+00
4.355000000000000426e+01
2.775000000000000355e+00
2.965000000000000213e+01
